0 50.0 50.0 400 1 3
1 50.0 150.0 400 1 3
2 50.0 250.0 400 1 3
3 50.0 350.0 400 1 3
4 50.0 450.0 400 1 3
5 50.0 550.0 400 1 3
6 150.0 50.0 400 1 3
7 150.0 150.0 400 1 3
8 150.0 250.0 400 1 3
9 150.0 350.0 400 1 3
10 150.0 450.0 400 1 3
11 150.0 550.0 400 1 3
12 250.0 50.0 400 1 3
13 250.0 150.0 400 1 3
14 250.0 250.0 400 1 3
15 250.0 350.0 400 1 3
16 250.0 450.0 400 1 3
17 250.0 550.0 400 1 3
18 50.0 50.0 0 1 3
19 50.0 150.0 0 1 3
20 50.0 250.0 0 1 3
21 50.0 350.0 0 1 3
22 50.0 450.0 0 1 3
23 50.0 550.0 0 1 3
24 150.0 50.0 0 1 3
25 150.0 150.0 0 1 3
26 150.0 250.0 0 1 3
27 150.0 350.0 0 1 3
28 150.0 450.0 0 1 3
29 150.0 550.0 0 1 3
30 250.0 50.0 0 1 3
31 250.0 150.0 0 1 3
32 250.0 250.0 0 1 3
33 250.0 350.0 0 1 3
34 250.0 450.0 0 1 3
35 250.0 550.0 0 1 3
36 50.0 0 50.0 1 2
37 50.0 0 150.0 1 2
38 50.0 0 250.0 1 2
39 50.0 0 350.0 1 2
40 150.0 0 50.0 1 2
41 150.0 0 150.0 1 2
42 150.0 0 250.0 1 2
43 150.0 0 350.0 1 2
44 250.0 0 50.0 1 2
45 250.0 0 150.0 1 2
46 250.0 0 250.0 1 2
47 250.0 0 350.0 1 2
48 50.0 600 50.0 1 2
49 50.0 600 150.0 1 2
50 50.0 600 250.0 1 2
51 50.0 600 350.0 1 2
52 150.0 600 50.0 1 2
53 150.0 600 150.0 1 2
54 150.0 600 250.0 1 2
55 150.0 600 350.0 1 2
56 250.0 600 50.0 1 2
57 250.0 600 150.0 1 2
58 250.0 600 250.0 1 2
59 250.0 600 350.0 1 2
60 0 50.0 50.0 1 1
61 0 50.0 150.0 1 1
62 0 50.0 250.0 1 1
63 0 50.0 350.0 1 1
64 0 150.0 50.0 1 1
65 0 150.0 150.0 1 1
66 0 150.0 250.0 1 1
67 0 150.0 350.0 1 1
68 0 250.0 50.0 1 1
69 0 250.0 150.0 1 1
70 0 250.0 250.0 1 1
71 0 250.0 350.0 1 1
72 0 350.0 50.0 1 1
73 0 350.0 150.0 1 1
74 0 350.0 250.0 1 1
75 0 350.0 350.0 1 1
76 0 450.0 50.0 1 1
77 0 450.0 150.0 1 1
78 0 450.0 250.0 1 1
79 0 450.0 350.0 1 1
80 0 550.0 50.0 1 1
81 0 550.0 150.0 1 1
82 0 550.0 250.0 1 1
83 0 550.0 350.0 1 1
84 300 50.0 50.0 1 1
85 300 50.0 150.0 1 1
86 300 50.0 250.0 1 1
87 300 50.0 350.0 1 1
88 300 150.0 50.0 1 1
89 300 150.0 150.0 1 1
90 300 150.0 250.0 1 1
91 300 150.0 350.0 1 1
92 300 250.0 50.0 1 1
93 300 250.0 150.0 1 1
94 300 250.0 250.0 1 1
95 300 250.0 350.0 1 1
96 300 350.0 50.0 1 1
97 300 350.0 150.0 1 1
98 300 350.0 250.0 1 1
99 300 350.0 350.0 1 1
100 300 450.0 50.0 1 1
101 300 450.0 150.0 1 1
102 300 450.0 250.0 1 1
103 300 450.0 350.0 1 1
104 300 550.0 50.0 1 1
105 300 550.0 150.0 1 1
106 300 550.0 250.0 1 1
107 300 550.0 350.0 1 1
